775
2543
8846
9807
6688
548
7694
364
1084
1041
3526
2492
4118
1765
2725
7793
23
2678
8745
780
7001
770
3272
8659
2159
1287
6204
7825
5299
2352
335
494
3935
7649
1704
9024
4865
1109
420
1170
6345
8533
793
9092
8548
2428
8774
8579
7854
8985
6815
8986
9876
3317
8408
2665
5896
7414
1984
2246
7880
499
2592
1601
7984
4376
4691
109
2815
60
3144
7547
8632
9697
1542
2200
7035
1420
6209
4411
6963
1766
1786
3688
9968
9634
4267
6712
9048
9456
2002
8620
8889
2641
9485
5087
947
2380
7032
9740
8692
3904
9011
7185
931
7163
3928
2786
1473
619
4811
9665
6253
1427
6163
28
7271
2400
5464
679
167
5484
1309
7228
143
8755
7583
2832
910
53
7278
8760
1559
9803
8573
2155
1825
6140
9893
5978
1904
4258
4543
957
8532
4345
6241
80
992
9416
1255
4991
5101
6772
8742
2509
8208
8401
6398
4491
4330
4522
9470
3238
767
8963
7021
9538
8266
2268
9638
8294
7582
4457
4466
3752
1135
8400
6573
5611
2322
9139
5538
8918
6371
6094
8632
4135
7798
3491
5617
5800
7728
1652
1440
640
3814
3249
6955
6957
4502
2691
9922
4256
5285
1224
1055
1290
4232
208
5502
2550
3367
6838
6847
1206
5487
500
1865
3171
1144
3824
1265
271
454
1579
6507
2589
5715
5181
8384
8116
381
8825
226
7008
7163
1382
8188
7353
1894
7888
9629
3752
982
8444
1126
7751
7867
7468
4817
376
9693
4322
9541
4729
7462
4871
4552
5942
2398
8558
3188
31
8583
2517
6589
2156
5658
2412
7153
4575
9953
5530
9345
4537
8471
2236
4496
6687
6221
1518
425
670
5807
2255
4054
2077
998
1904
6478
1714
1775
3374
6190
4727
4620
8192
3308
9470
4121
9683
3880
3363
2609
1492
531
8849
5586
1613
2180
9464
1631
5908
9881
1438
3829
2784
5819
5763
9984
6254
1446
2313
8206
1971
8551
8611
2372
7938
1238
5645
5120
2608
6166
7437
6895
7335
8395
5865
4063
5096
6811
3609
5240
9860
2632
1454
87
653
4957
4244
9563
3000
9639
8147
5267
3510
1606
4796
5783
883
3956
7074
3207
1262
4757
1062
2673
1659
864
6152
9319
3557
1197
4427
1023
9640
4687
9193
4589
8494
4532
358
4318
1495
2266
5481
1286
575
9636
3544
6093
9355
1598
4308
9382
3604
9501
4581
8176
1799
2427
2743
1520
2988
17
3301
5790
1942
7541
2820
6559
4058
2247
1956
595
4291
7095
8578
9968
869
489
7361
1215
5489
5323
363
1093
9945
3190
3347
8933
5525
5827
60
4515
7268
8128
2159
7484
7735
6483
4665
7205
218
4911
4659
3105
2676
1845
7559
5303
8914
7724
4831
8051
9087
1779
6879
7772
182
487
4326
3302
3179
4833
4993
1369
2631
9489
3474
8577
9490
7825
1215
1415
2198
2275
8477
2160
7746
3564
542
2197
9884
4005
5081
7411
9755
1408
729
5299
7635
7928
2264
780
5538
7004
1358
4360
427
8237
3028
7141
8417
8902
6958
3293
342
1500
5657
8136
5492
325
4273
304
4076
4942
551
165
302
1208
2944
8770
2440
7762
6913
5392
7650
2621
1593
4985
7129
5916
2688
6848
1690
5306
9471
1695
2882
1617
4528
4241
7251
2920
7960
193
1370
5244
6993
2787
7807
899
1485
2498
2621
1341
5175
9529
3298
6827
8908
1189
1561
8709
9323
1434
758
6422
4329
3622
7634
6299
6728
2051
9256
7004
7737
9953
5070
9802
7935
9043
5320
3994
1238
1705
1321
7424
660
5646
7772
1952
2367
2899
435
4672
5887
5771
5805
2658
8501
824
3069
9393
8908
7670
312
2650
1134
8583
2528
8142
5754
1071
7391
564
4021
4672
9573
9412
4127
7337
9558
6881
728
954
5582
4806
8643
9260
2983
5445
8649
7039
7244
9388
2097
8339
9662
7562
3678
4298
4519
4432
602
1070
4541
634
8578
5056
7994
880
3041
2721
1417
4296
7985
3716
5651
1983
1631
6899
2715
1704
1135
4145
3335
6644
6801
4128
817
3859
6754
68
1404
249
5941
2376
7098
788
6115
1263
9549
4509
2017
5518
381
5133
6754
3224
5482
3714
508
9289
1395
451
943
1544
5174
1696
2371
5174
6024
1293
6977
9772
1431
4576
3013
5621
286
4169
6466
8151
633
8690
5143
7816
1146
8583
6577
7966
9499
7688
401
9863
2453
653
8287
5082
640
2489
4239
7214
6268
4033
2355
6506
5200
1039
4673
1501
4673
6642
1927
7023
7221
5384
8124
1767
3751
399
6696
1182
1710
3465
8054
7651
6986
5070
313
1521
3807
8838
78
8814
1269
1111
3361
886
5662
7899
8786
1848
8490
7862
1720
3934
7640
2263
1670
6819
3134
1821
8814
9792
9546
780
756
8983
8666
3023
5556
676
2793
736
9175
1376
7787
4278
1857
8904
9195
831
6526
5790
4242
8510
1999
8622
8107
1638
2576
9092
1269
7880
492
9932
7257
8473
802
8553
8828
6552
5017
4971
1911
7278
5826
1899
245
9079
2174
1304
6221
7376
2384
823
5937
290
3075
38
9958
7694
3711
6466
1637
4632
4520
4186
2513
1097
4872
1123
8618
7024
3855
4349
9521
505
408
7446
5645
9313
5565
3582
589
793
4157
1739
783
5929
7725
3582
9649
2022
189
5189
918
9158
620
9890
9803
6772
1887
2588
2378
8528
9694
740
1871
4329
6607
3451
8649
5341
4680
6610
5731
672
7423
7234
5796
9179
116
6638
3219
3623
5969
7109
2831
6794
5440
5292
1503
2097
4078
3372
5957
1711
6015
1447
5864
69
5890
2641
962
5779
7398
8781
199
4013
6605
7765
1191
2049
9648
5806
134
8904
8323
1371
4298
9435
7019
3393
7876
2777
5293
9499
6707
8246
7064
6830
2453
6454
3030
8880
256
4730
223
4933
432
761
1135
2154
3153
339
1577
8598
3904
3378
2300
5485
3741
1698
5861
3639
3236
1923
8852
2593
7948
5293
5715
2626
8782
6851
8885
7792
1242
5626
7660
9123
2455
7196
6526
7595
4907
3640
9160
46
4234
8269
9027
9797
3857
7527
2166
9159
853
7288
6924
7110
39
6571
4536
4857
8811
9269
4854
1673
6298
7388
7300
9088
2949
2541
1601
3038
8410
7033
7044
1630
4876
1136
176
7481
3310
9121
4759
7834
8048
4031
2220
338
1005
4056
3022
460
1620
6355
114
7347
7606
2728
7503
7314
8175
7893
2960
1341
8825
9389
9574
5743
237
2483
5196
1779
6732
4168
463
3990
2797
1953
3533
5165
1447
749
365
5587
4177
934
2688
6
3319
5381
8022
2739
9520
1755
6052
8190
1119
7837
5252
5063
9847
4687
5150
4298
5794
6917
1958
8405
2659
8262
4662
1775
2394
3442
4381
8375
8569
3237
5608
2138
3093
7340
0
7978
9023
40
1332
3803
691
3297
2280
415
2816
300
3342
9477
5369
5408
9925
3838
3084
4805
8255
1488
9153
7182
887
638
6469
9833
754
136
9784
1621
5349
3166
5539
6067
8104
9531
7214
7712
3018
4608
1681
978
4693
1822
4601
400
3666
6728
4638
3607
4736
5689
2995
5274
7090
6178
205
3002
551
9382
6055
5031
1838
6585
8581
9493
3448
2326
9096
1282
2288
2432
3026
1319
1897
4204
1370
6446
4952
8269
3010
3027
610
5824
2231
349
9894
5241
1689
9663
7966
1933
5004
5402
4162
4034
7245
8454
4989
900
6249
8001
1844
2361
6859
7798
2661
6791
2292
4657
9708
3332
6240
9906
7388
4478
2838
4992
364
7293
720
3073
9279
9910
3997
6055
5017
4993
8515
7421
9199
3405
4552
2882
2062
4850
2771
4293
1838
8119
5487
1634
3560
6005
4720
4651
966
8764
6136
1115
6491
1013
9452
7735
8547
9959
1907
9638
2955
8158
4495
3811
7556
9753
1391
6432
8548
6802
8243
2092
3758
9556
2274
5000
6291
9592
2265
3383
3945
6928
8341
8885
8731
4296
691
1722
8673
5402
805
4286
8993
1441
2408
6911
7622
2688
8420
8480
1072
1571
340
1589
1596
5302
3782
3404
150
3845
9509
4094
6076
4516
2709
9495
8932
8720
4062
3281
3105
4085
2573
6392
1074
9202
9063
650
268
8858
4960
4349
1865
4492
2316
1653
9073
9621
1571
2054
6008
3268
2202
9415
2119
5439
1231
5160
1407
612
7077
8069
5836
2226
6753
1675
4071
5017
1924
9131
4142
9439
5675
381
9016
117
5939
1958
451
5145
4241
6109
9969
509
6753
9387
4611
6440
7404
6353
1860
7212
2368
6382
1401
3336
2699
1344
7014
1678
8039
1099
6741
1207
125
6712
1380
6678
9171
656
3308
7339
6359
58
9529
5737
9153
1457
4935
4329
692
105
5689
3280
454
5923
416
2063
193
4863
1402
1194
7880
7169
568
1003
445
1736
3669
1623
2322
2235
1300
1729
1231
9412
7417
5566
516
4945
7787
1513
2063
1705
760
7256
8672
3501
4041
351
8827
8255
120
4787
3198
902
4208
9569
6436
4866
5827
9920
8057
9662
321
9445
895
7940
2216
293
4304
9349
5639
464
1221
4696
792
4028
5014
4403
3981
5744
1395
5800
1290
7362
4707
4962
6787
2179
7706
9312
9191
9145
6928
6705
7885
4445
7200
433
510
2199
7407
8803
4276
7558
2142
6415
7505
7700
2592
7486
8019
1386
2192
5572
1655
5808
7165
4956
747
4167
7063
6538
4792
9931
9071
2845
2048
6291
6890
9940
7508
2778
3527
2083
25
931
9233
5222
1244
7129
1334
1781
1716
485
1481
1128
423
6227
3221
5597
4607
7543
1587
9032
590
3820
8046
2202
1408
7373
3749
8837
3649
2744
1488
5374
8063
4319
6711
7732
352
9313
128
9265
6711
4617
9335
2591
963
8405
3410
1772
9128
6074
4326
305
4242
1573
1460
767
2343
149
5832
2219
7997
6487
772
2268
5805
2594
1992
4354
9030
8773
9141
5481
2420
9886
722
5566
6338
9645
622
242
6685
9127
9831
7661
7563
3167
347
4709
2845
2674
1628
8974
2081
385
7673
5460
2283
2389
1228
9287
1172
942
6430
1686
7107
3532
3185
2224
3772
2626
95
710
4662
4440
1391
3893
6530
560
2553
7603
5912
8603
6666
9016
7124
2797
6377
3359
1537
4238
378
6684
5908
8770
707
1008
4045
5628
238
219
2953
3086
2191
4753
2060
9812
1030
8353
2349
3858
2118
2130
626
1658
9671
6046
2974
227
8954
3476
6456
8742
300
5560
990
3355
268
3982
2585
3540
1359
3767
4962
4904
7924
5819
118
5875
7812
8648
390
3451
4364
3913
6610
1158
3646
6491
7479
9467
7061
732
4935
6566
4424
4884
3864
544
1296
3017
2623
8542
7533
2573
574
1176
5126
7531
6156
6093
8464
3411
4644
645
8034
7681
1265
6487
3094
8869
4344
5453
3009
4686
950
3972
9383
2952
8908
5400
6793
3464
7368
3664
1248
2901
7494
9750
2287
3690
806
2298
6756
2297
2640
1495
4223
1106
6374
5397
5718
1652
2504
7873
5928
5075
1790
58
544
779
193
6669
3181
9780
571
5844
3728
6502
3121
9386
245
4431
5245
850
7958
3219
2225
200
9148
6499
425
8472
6263
5409
5056
2863
5600
6275
8054
2287
4781
5942
3184
7846
9237
6596
4832
6544
7701
8921
9015
3596
2194
2835
6728
2013
543
3416
9247
1250
1377
5277
6290
3592
9905
660
4791
8543
6930
4533
2582
5418
3237
7040
8576
571
6089
3185
4992
8366
9094
6725
896
9572
1980
9389
7520
3347
7255
81
6483
44
134
1799
4618
2542
1628
4484
5893
3945
4406
6273
5366
9813
7487
8162
8457
9540
2753
6227
4738
1205
3644
4739
9717
6490
268
918
8731
5245
2341
9734
5332
3966
8690
5066
6600
6096
9616
4985
7778
2853
404
2560
5871
8663
6148
2723
1843
4825
7828
4273
5534
557
7519
4347
7821
9975
8377
9958
2019
3697
3251
4382
5194
4080
6511
8717
6740
4471
3556
1293
1255
5499
5188
9098
5177
760
3804
9628
215
1250
3339
6051
4924
7517
1159
2420
7249
2097
9981
916
4048
7528
1703
9826
6861
6202
9875
1033
5623